1 	4099.8 	3401.58078603 	0.113293819211
2 	3225.1 	2534.74313099 	0.147259619857
3 	4848.606 	1587.46952 	0.0621914834903
4 	4321.357 	2316.02139869 	0.0691393930194
5 	4606.786 	1787.28004564 	0.0982194527812
6 	3536.926 	2768.48672024 	0.163518829628
7 	4980.04 	1561.34983655 	0.0718486196898
8 	4417.166 	2283.13432489 	0.0649656363379
9 	4684.631 	1548.717846 	0.101416525656
10 	3640.719 	2849.72945536 	0.164262883238
11 	4910.18 	1542.75192982 	0.0671608780126
12 	4431.138 	2360.77542495 	0.0695220956784
13 	4613.546 	4190.71591853 	0.0990992611757
14 	3483.034 	2701.79272897 	0.161495121782
15 	4728.543 	1921.85120739 	0.0754583388583
16 	4405.19 	1990.62979079 	0.0487164004277
17 	4742.515 	3709.01376782 	0.102413171071
18 	3610.778 	2797.82505848 	0.168611030642
19 	4746.507 	1867.7590722 	0.0798749480407
20 	4427.146 	1933.37388608 	0.0448340759487
21 	4796.407 	3575.32578819 	0.104292859217
22 	3528.942 	2708.48769748 	0.167718540004
23 	4984.064 	2229.55031475 	0.0800982892676
24 	4558.882 	2146.47360833 	0.0607089632941
25 	4640.719 	3539.85314315 	0.0992794435517
26 	3590.818 	2823.46511233 	0.165686481465
27 	4970.06 	602.1243402 	0.0721365536835
28 	4451.098 	2359.72970894 	0.0657698392621
29 	4546.906 	3417.23991304 	0.095420490329
30 	3427.146 	2775.72195457 	0.163683134597
31 	4694.611 	1875.57098063 	0.084432767699
32 	4574.85 	1632.62776718 	0.0442298654601
33 	4580.838 	3392.50345607 	0.0949276093152
34 	3574.85 	2686.30346821 	0.174326475237
35 	4437.126 	2102.43986777 	0.094655414338
36 	4646.707 	1392.09197314 	0.0248147774327
37 	4746.507 	3409.46277465 	0.101992897093
38 	3365.269 	2401.21315915 	0.17885167575
39 	4157.685 	2938.0974 	0.113832577504
40 	4830.677 	442.651677291 	0.0199589001707
41 	4341.317 	2828.62014164 	0.110829962428
42 	3580.838 	2609.15331658 	0.150387423279
43 	3257.485 	2276.009 	0.166022253364
44 	5670.659 	518.93601066 	0.0165402292749
45 	4668.663 	2647.78833649 	0.108975953073
46 	3810.379 	2736.45104336 	0.136915251737
47 	3103.792 	2273.80862396 	0.169670841345
48 	5690.619 	520.414461233 	0.0227217812333
49 	4349.301 	2598.75246473 	0.11471199625
50 	4077.844 	3003.14127094 	0.121798185512
51 	3538.922 	2670.36150914 	0.162420646739
52 	5672.655 	518.771630219 	0.0210088574045
53 	4299.401 	2644.43808961 	0.115928474688
54 	4309.381 	3050.21677834 	0.120418918634
55 	3720.559 	2667.40772854 	0.15737823268
56 	5516.966 	502.535516832 	0.0160028174906
57 	4590.818 	2291.75970111 	0.110575065272
58 	3798.403 	2644.19214365 	0.134734255423
59 	3193.613 	2340.22330028 	0.167969945012
60 	5688.623 	510.954161677 	0.0229456232202
61 	4393.214 	2742.26096815 	0.113826005289
62 	4029.94 	2897.56016529 	0.122643761446
63 	3427.146 	2555.15027219 	0.162277300121
64 	5638.723 	504.45832008 	0.0244314182484
65 	4069.86 	3011.28530303 	0.120210523212
66 	4528.942 	3333.48522843 	0.113332208715
67 	3315.369 	2436.93789744 	0.16399652648
68 	5532.934 	496.97011976 	0.0256552852429
69 	4636.727 	2942.34317287 	0.108236693685
70 	4133.733 	3057.55433577 	0.121956352769
71 	3453.094 	2614.35798966 	0.164237347724
72 	5678.643 	519.319240557 	0.0208489950856
73 	4167.665 	2934.08828296 	0.118765543776
74 	4560.878 	3281.03978571 	0.117750134952
75 	3143.713 	2302.43769014 	0.169516110408
76 	5638.723 	507.48507 	0.021878357919
77 	3936.128 	2911.8139883 	0.123534600501
78 	4710.579 	3398.77218987 	0.112220599633
79 	3349.301 	2482.31572752 	0.166541914268
80 	5712.575 	511.065357853 	0.0205802112007
81 	4377.246 	2764.05871011 	0.114670959777
82 	4000.0 	2753.54107649 	0.1244695
83 	3425.15 	2505.97132768 	0.163571814373
84 	5690.619 	521.451143426 	0.0225028243852
85 	4323.353 	3078.91392308 	0.115261696188
86 	3950.1 	2745.43597304 	0.121754385965
87 	3181.637 	2516.48640767 	0.167476050851
88 	5365.269 	488.739078947 	0.0316327103077
89 	4215.569 	2492.34564434 	0.106594625779
90 	4381.238 	3435.12348173 	0.11152418563
91 	3157.685 	2569.70227586 	0.158411621172
92 	5411.178 	543.290963855 	0.0453472423195
93 	4486.0 	2759.84340045 	0.0943956754347
94 	4327.345 	3666.02317276 	0.11445817239
95 	3305.389 	2699.40101667 	0.154655927033
96 	5071.856 	465.679393214 	0.0498275187624
97 	4622.754 	3851.43028732 	0.0852264688971
98 	4029.94 	3436.85449057 	0.101651389351
99 	3387.226 	2714.34272054 	0.155805960394
100 	4902.196 	670.722993964 	0.0706923998959
101 	4524.0 	3995.07462687 	0.0679893899204
102 	4614.77 	4141.756075 	0.0986933259946
103 	3481.038 	2801.30868639 	0.161832476405
104 	4926.148 	672.646714859 	0.0736181698154
105 	4506.986 	3911.93161369 	0.0645162864939
106 	4542.914 	4024.75670027 	0.0951900035968
107 	3588.822 	2913.27903529 	0.166555209481
108 	4892.216 	668.013429719 	0.0751160619237
109 	4622.754 	4043.68290446 	0.0665596741683
110 	4333.333 	3659.05277587 	0.085494468115
111 	2986.0 	2189.73333333 	0.168222705961
112 	4514.97 	1768.21585113 	0.108412680483
113 	4896.208 	1688.34758621 	0.0206905017107
114 	4754.491 	4217.69362903 	0.103620766135
115 	3291.417 	2437.08745082 	0.177360996799
116 	4435.13 	2027.488 	0.114394392047
117 	4966.068 	1675.91942857 	0.0192236594424
118 	4646.0 	3238.8358714 	0.106933921653
119 	2924.152 	2142.51709785 	0.172035516622
120 	3790.419 	2818.26490415 	0.151145295546
121 	5516.966 	505.538717131 	0.0155507574272
